8872.2197 6994.29 52 False 0 52 
6994.29 12420.54 110 True 52 162 
12420.54 10833.3301 14 False 162 176 
10833.3301 13807.7002 95 True 176 271 
13807.7002 12299.0801 15 False 271 286 
12299.0801 14041.9102 27 True 286 313 
14041.9102 13001.6299 17 False 313 330 
13001.6299 15675.7598 79 True 330 409 
15675.7598 14472.1201 18 False 409 427 
14472.1201 16573.3398 34 True 427 461 
16573.3398 14003.1104 44 False 461 505 
14003.1104 15239.3203 40 True 505 545 
15239.3203 11127.5703 53 False 545 598 
11127.5703 13667.1797 39 True 598 637 
13667.1797 10690.5996 54 False 637 691 
10690.5996 12041.8896 18 True 691 709 
12041.8896 10679.3398 18 False 709 727 
10679.3398 15841.3496 132 True 727 859 
15841.3496 14545.8301 47 False 859 906 
14545.8301 18339.4395 118 True 906 1024 
18339.4395 17037.6504 19 False 1024 1043 
17037.6504 20675.3809 53 True 1043 1096 
20675.3809 17867.3691 19 False 1096 1115 
17867.3691 21197.0898 98 True 1115 1213 
